4
4 16
0.40597516 0.17197068 0.073565856 0.07364431 -0.049332578 -0.37267217 -0.9627593 -0.059269592 -0.43023226 -0.36237025 -0.8629566 0.37941265 0.45339575 -0.13874939 0.3861006 0.2757051 0.418057 -0.003432173 0.11661924 0.8717034 -0.58945644 0.45730284 0.51214504 0.15010943 0.05607762 0.020692531 -0.3631006 -0.22193582 -0.3793398 -0.48564875 0.6253774 0.6310711 0.031197015 1.4288827 0.7591343 -0.43210167 0.055392735 0.52183926 -0.16924548 -0.72895443 0.5575125 0.2807885 0.05484067 0.008914231 -0.11134599 0.7043022 -0.39590967 -0.94783604 -0.580426 -0.07116265 0.39213237 -0.2752838 1.1916051 0.14110512 0.78944 0.24065517 -0.05459514 0.6218713 0.38099593 -0.10761117 0.13999948 0.11422833 0.34923318 0.6320332 
-0.57846504 0.19334683 0.911093 -0.24723989 0.10721345 0.54460865 -0.58667725 1.1446985 0.3719353 -0.2471278 0.65517795 -0.07029905 0.38657543 -1.1053271 1.1157852 0.07780227 
16
0.27155003 -0.6107296 -0.21705449 0.16282837 -0.120739214 0.50049615 -0.105937846 -0.40327287 -0.008229702 0.14379749 0.447476 0.10636924 -0.14065874 0.12808348 -0.016920246 -0.40765297 -0.5139826 -0.13679822 -0.3242443 0.082593836 0.012715959 0.83227366 0.6684443 0.7848588 0.4387509 -0.16122958 -0.97404397 1.2799923 -0.8368241 -0.10085531 0.93949443 -0.20632379 -0.12967665 -1.2637146 -0.37859213 -0.42592275 0.21607439 1.097576 0.546184 0.9298763 0.69449097 -0.31353697 -0.2581279 0.6378837 -0.4945609 -0.13733712 0.78975797 0.39924324 0.10650032 -0.032410577 -0.25249496 0.29224858 0.5180822 0.40820727 0.25902587 0.17064862 -0.2953522 0.6929345 0.28908536 -0.48932263 -0.3722712 0.18789065 0.31496248 0.006685562 0.0752098 -0.5272437 0.2722096 -0.53963125 -0.34494555 -0.16615976 0.11289531 -0.015225912 0.42720464 -0.09422616 0.041945063 0.042508516 0.46801051 -0.44487876 -0.031114645 -0.204798 -0.270986 0.2865805 -0.47584543 -0.22077121 0.10485463 -0.7227071 0.47327793 0.0075120744 -0.067067534 0.30734056 0.12666863 0.1291049 -0.42188653 -0.7661189 -0.3481818 -0.41132268 0.39130947 0.02421514 -0.42980364 0.04330741 -0.101325095 -0.39437947 -0.34630004 -0.030737998 0.24068506 0.0018929535 0.58474356 0.14835688 0.09832402 -0.7253888 0.053420022 0.1601087 0.5896768 0.82618254 -0.19947971 -0.41031715 -0.21379067 -0.8529211 -0.16204305 -0.37447977 0.80569935 -0.2884313 1.4250919 -0.71689975 -0.5659925 0.06028759 -0.72828454 0.4863221 -0.26347455 0.48985147 -0.69771117 0.04125166 0.06264332 -0.53734547 -0.21482497 0.04430727 -0.48296806 0.025719777 0.12883718 0.09409985 -0.29213077 -0.27913442 0.13265455 0.24578604 0.22846268 -0.33754793 -0.18706353 0.073854685 0.029975979 0.35370785 -0.3809925 -0.36251947 0.058849614 0.13110396 0.14604697 -0.22271398 0.050807625 -0.28586346 -0.3765536 0.055174008 0.298586 0.6044152 -0.47531155 -0.35466224 0.22152238 -0.5980904 0.08944933 0.17739816 0.16892649 0.46170586 0.091828935 -0.3190965 0.2631961 -0.30876842 -0.2900359 0.068195045 -0.13403754 -0.12521109 0.9398814 -0.50156444 0.17654438 -0.25165346 0.018042967 0.24069394 -0.21745881 -0.2505689 -0.18212727 0.44680497 -0.21876827 -0.40906507 0.48128232 0.1661748 -0.28024969 0.25433627 0.3433244 0.3111474 -0.50389296 0.00083249534 0.37344125 -0.04285314 -0.16093804 0.2025221 -1.2850283 -0.17104732 0.27824554 0.4668699 0.35424972 -0.081222884 0.46867785 -0.529847 0.50189096 0.17536336 -0.06708977 0.39382058 0.024413347 -0.5574892 -0.04018645 -0.21834104 0.8970129 -0.5355944 -0.0769702 0.13760549 0.062296577 -0.18751875 0.029476935 0.09518243 -0.5897862 -0.31111312 0.3293368 -0.041087653 0.34397572 0.35924193 0.50436664 0.4970706 -1.2431558 0.0005262466 0.083732754 0.10443275 0.00062874466 0.124928884 -0.13759145 -0.8752905 0.5292561 -0.40531462 0.51654536 0.07250523 0.17454877 0.047457967 0.5851084 -0.023984386 -0.584984 -0.31288353 0.08909014 0.16474415 0.6513956 -0.21368295 
0.16745754 8.518883e-05 -0.0027428796 -0.52559906 -0.45828423 0.22466385 -0.34670937 0.35148472 0.2790943 -0.09519072 -0.35296068 -0.14063694 0.33079818 0.57081825 -0.07098095 0.34213024 
2
0.6801836 -0.20051259 -0.20104866 -0.83461785 0.43347457 0.6616969 -0.3505447 -0.6932338 -0.58143884 -0.50712603 -0.15190303 0.43778786 -0.091553524 -0.3018681 -0.5748752 0.075917535 -0.03871688 0.40342924 -0.8776589 -0.5801266 0.46979785 0.23176141 -0.48158625 0.49136254 -0.13558413 0.75936306 -0.31624636 -0.51166844 -0.23445845 0.72752434 0.11571648 0.22222319 
0.700361 0.05367113 

